1 0 0 0 0 0 0 
1 1 0 0 0 0 0 
1 2 1 0 0 0 0 
1 3 3 1 0 0 0 
1 4 6 4 1 0 0 
1 5 10 10 5 1 0 
1 6 15 20 15 6 1 
1 7 21 35 35 21 7 
1 8 28 56 70 56 28 
1 9 36 84 126 126 84 
1 10 45 120 210 252 210 
1 11 55 165 330 462 462 
1 12 66 220 495 792 924 
1 13 78 286 715 1287 1716 
1 14 91 364 1001 2002 3003 
1 15 105 455 1365 3003 5005 
1 16 120 560 1820 4368 8008 
1 17 136 680 2380 6188 12376 
1 18 153 816 3060 8568 18564 
1 19 171 969 3876 11628 27132 
1 20 190 1140 4845 15504 38760 
1 21 210 1330 5985 20349 54264 
1 22 231 1540 7315 26334 74613 
1 23 253 1771 8855 33649 100947 
1 24 276 2024 10626 42504 134596 
1 25 300 2300 12650 53130 177100 
1 26 325 2600 14950 65780 230230 
1 27 351 2925 17550 80730 296010 
1 28 378 3276 20475 98280 376740 
1 29 406 3654 23751 118755 475020 
1 30 435 4060 27405 142506 593775 
1 31 465 4495 31465 169911 736281 
1 32 496 4960 35960 201376 906192 
1 33 528 5456 40920 237336 1107568 
1 34 561 5984 46376 278256 1344904 
1 35 595 6545 52360 324632 1623160 
1 36 630 7140 58905 376992 1947792 
1 37 666 7770 66045 435897 2324784 
1 38 703 8436 73815 501942 2760681 
1 39 741 9139 82251 575757 3262623 
1 40 780 9880 91390 658008 3838380 
1 41 820 10660 101270 749398 4496388 
1 42 861 11480 111930 850668 5245786 
1 43 903 12341 123410 962598 6096454 
1 44 946 13244 135751 1086008 7059052 
1 45 990 14190 148995 1221759 8145060 
1 46 1035 15180 163185 1370754 9366819 
1 47 1081 16215 178365 1533939 10737573 
1 48 1128 17296 194580 1712304 12271512 
1 49 1176 18424 211876 1906884 13983816 
1 50 1225 19600 230300 2118760 15890700 
1 51 1275 20825 249900 2349060 18009460 
1 52 1326 22100 270725 2598960 20358520 
1 53 1378 23426 292825 2869685 22957480 
1 54 1431 24804 316251 3162510 25827165 
1 55 1485 26235 341055 3478761 28989675 
1 56 1540 27720 367290 3819816 32468436 
1 57 1596 29260 395010 4187106 36288252 
1 58 1653 30856 424270 4582116 40475358 
1 59 1711 32509 455126 5006386 45057474 
1 60 1770 34220 487635 5461512 50063860 
1 61 1830 35990 521855 5949147 55525372 
1 62 1891 37820 557845 6471002 61474519 
1 63 1953 39711 595665 7028847 67945521 
1 64 2016 41664 635376 7624512 74974368 
1 65 2080 43680 677040 8259888 82598880 
1 66 2145 45760 720720 8936928 90858768 
1 67 2211 47905 766480 9657648 99795696 
1 68 2278 50116 814385 10424128 109453344 
1 69 2346 52394 864501 11238513 119877472 
1 70 2415 54740 916895 12103014 131115985 
1 71 2485 57155 971635 13019909 143218999 
1 72 2556 59640 1028790 13991544 156238908 
1 73 2628 62196 1088430 15020334 170230452 
1 74 2701 64824 1150626 16108764 185250786 
1 75 2775 67525 1215450 17259390 201359550 
1 76 2850 70300 1282975 18474840 218618940 
1 77 2926 73150 1353275 19757815 237093780 
1 78 3003 76076 1426425 21111090 256851595 
1 79 3081 79079 1502501 22537515 277962685 
1 80 3160 82160 1581580 24040016 300500200 
1 81 3240 85320 1663740 25621596 324540216 
1 82 3321 88560 1749060 27285336 350161812 
1 83 3403 91881 1837620 29034396 377447148 
1 84 3486 95284 1929501 30872016 406481544 
1 85 3570 98770 2024785 32801517 437353560 
1 86 3655 102340 2123555 34826302 470155077 
1 87 3741 105995 2225895 36949857 504981379 
1 88 3828 109736 2331890 39175752 541931236 
1 89 3916 113564 2441626 41507642 581106988 
1 90 4005 117480 2555190 43949268 622614630 
1 91 4095 121485 2672670 46504458 666563898 
1 92 4186 125580 2794155 49177128 713068356 
1 93 4278 129766 2919735 51971283 762245484 
1 94 4371 134044 3049501 54891018 814216767 
1 95 4465 138415 3183545 57940519 869107785 
1 96 4560 142880 3321960 61124064 927048304 
1 97 4656 147440 3464840 64446024 988172368 
1 98 4753 152096 3612280 67910864 1052618392 
1 99 4851 156849 3764376 71523144 1120529256 
1 100 4950 161700 3921225 75287520 1192052400 
1 101 5050 166650 4082925 79208745 1267339920 
1 102 5151 171700 4249575 83291670 1346548665 
1 103 5253 176851 4421275 87541245 1429840335 
1 104 5356 182104 4598126 91962520 1517381580 
1 105 5460 187460 4780230 96560646 1609344100 
1 106 5565 192920 4967690 101340876 1705904746 
1 107 5671 198485 5160610 106308566 1807245622 
1 108 5778 204156 5359095 111469176 1913554188 
1 109 5886 209934 5563251 116828271 2025023364 
1 110 5995 215820 5773185 122391522 2141851635 
1 111 6105 221815 5989005 128164707 2264243157 
1 112 6216 227920 6210820 134153712 2392407864 
1 113 6328 234136 6438740 140364532 2526561576 
1 114 6441 240464 6672876 146803272 2666926108 
1 115 6555 246905 6913340 153476148 2813729380 
1 116 6670 253460 7160245 160389488 2967205528 
1 117 6786 260130 7413705 167549733 3127595016 
1 118 6903 266916 7673835 174963438 3295144749 
1 119 7021 273819 7940751 182637273 3470108187 
1 120 7140 280840 8214570 190578024 3652745460 
1 121 7260 287980 8495410 198792594 3843323484 
1 122 7381 295240 8783390 207288004 4042116078 
1 123 7503 302621 9078630 216071394 4249404082 
1 124 7626 310124 9381251 225150024 4465475476 
1 125 7750 317750 9691375 234531275 4690625500 
1 126 7875 325500 10009125 244222650 4925156775 
1 127 8001 333375 10334625 254231775 5169379425 
1 128 8128 341376 10668000 264566400 5423611200 
1 129 8256 349504 11009376 275234400 5688177600 
1 130 8385 357760 11358880 286243776 5963412000 
1 131 8515 366145 11716640 297602656 6249655776 
1 132 8646 374660 12082785 309319296 6547258432 
1 133 8778 383306 12457445 321402081 6856577728 
1 134 8911 392084 12840751 333859526 7177979809 
1 135 9045 400995 13232835 346700277 7511839335 
1 136 9180 410040 13633830 359933112 7858539612 
1 137 9316 419220 14043870 373566942 8218472724 
1 138 9453 428536 14463090 387610812 8592039666 
1 139 9591 437989 14891626 402073902 8979650478 
1 140 9730 447580 15329615 416965528 9381724380 
1 141 9870 457310 15777195 432295143 9798689908 
1 142 10011 467180 16234505 448072338 10230985051 
1 143 10153 477191 16701685 464306843 10679057389 
1 144 10296 487344 17178876 481008528 11143364232 
1 145 10440 497640 17666220 498187404 11624372760 
1 146 10585 508080 18163860 515853624 12122560164 
1 147 10731 518665 18671940 534017484 12638413788 
1 148 10878 529396 19190605 552689424 13172431272 
1 149 11026 540274 19720001 571880029 13725120696 
1 150 11175 551300 20260275 591600030 14297000725 
1 151 11325 562475 20811575 611860305 14888600755 
1 152 11476 573800 21374050 632671880 15500461060 
1 153 11628 585276 21947850 654045930 16133132940 
1 154 11781 596904 22533126 675993780 16787178870 
1 155 11935 608685 23130030 698526906 17463172650 
1 156 12090 620620 23738715 721656936 18161699556 
1 157 12246 632710 24359335 745395651 18883356492 
1 158 12403 644956 24992045 769754986 19628752143 
1 159 12561 657359 25637001 794747031 20398507129 
1 160 12720 669920 26294360 820384032 21193254160 
1 161 12880 682640 26964280 846678392 22013638192 
1 162 13041 695520 27646920 873642672 22860316584 
1 163 13203 708561 28342440 901289592 23733959256 
1 164 13366 721764 29051001 929632032 24635248848 
1 165 13530 735130 29772765 958683033 25564880880 
1 166 13695 748660 30507895 988455798 26523563913 
1 167 13861 762355 31256555 1018963693 27512019711 
1 168 14028 776216 32018910 1050220248 28530983404 
1 169 14196 790244 32795126 1082239158 29581203652 
1 170 14365 804440 33585370 1115034284 30663442810 
1 171 14535 818805 34389810 1148619654 31778477094 
1 172 14706 833340 35208615 1183009464 32927096748 
1 173 14878 848046 36041955 1218218079 34110106212 
1 174 15051 862924 36890001 1254260034 35328324291 
1 175 15225 877975 37752925 1291150035 36582584325 
1 176 15400 893200 38630900 1328902960 37873734360 
1 177 15576 908600 39524100 1367533860 39202637320 
1 178 15753 924176 40432700 1407057960 40570171180 
1 179 15931 939929 41356876 1447490660 41977229140 
1 180 16110 955860 42296805 1488847536 43424719800 
1 181 16290 971970 43252665 1531144341 44913567336 
1 182 16471 988260 44224635 1574397006 46444711677 
1 183 16653 1004731 45212895 1618621641 48019108683 
1 184 16836 1021384 46217626 1663834536 49637730324 
1 185 17020 1038220 47239010 1710052162 51301564860 
1 186 17205 1055240 48277230 1757291172 53011617022 
1 187 17391 1072445 49332470 1805568402 54768908194 
1 188 17578 1089836 50404915 1854900872 56574476596 
1 189 17766 1107414 51494751 1905305787 58429377468 
1 190 17955 1125180 52602165 1956800538 60334683255 
1 191 18145 1143135 53727345 2009402703 62291483793 
1 192 18336 1161280 54870480 2063130048 64300886496 
1 193 18528 1179616 56031760 2118000528 66364016544 
1 194 18721 1198144 57211376 2174032288 68482017072 
1 195 18915 1216865 58409520 2231243664 70656049360 
1 196 19110 1235780 59626385 2289653184 72887293024 
1 197 19306 1254890 60862165 2349279569 75176946208 
1 198 19503 1274196 62117055 2410141734 77526225777 
1 199 19701 1293699 63391251 2472258789 79936367511 
1 200 19900 1313400 64684950 2535650040 82408626300 
1 201 20100 1333300 65998350 2600334990 84944276340 
1 202 20301 1353400 67331650 2666333340 87544611330 
1 203 20503 1373701 68685050 2733664990 90210944670 
1 204 20706 1394204 70058751 2802350040 92944609660 
1 205 20910 1414910 71452955 2872408791 95746959700 
1 206 21115 1435820 72867865 2943861746 98619368491 
1 207 21321 1456935 74303685 3016729611 101563230237 
1 208 21528 1478256 75760620 3091033296 104579959848 
1 209 21736 1499784 77238876 3166793916 107670993144 
1 210 21945 1521520 78738660 3244032792 110837787060 
1 211 22155 1543465 80260180 3322771452 114081819852 
1 212 22366 1565620 81803645 3403031632 117404591304 
1 213 22578 1587986 83369265 3484835277 120807622936 
1 214 22791 1610564 84957251 3568204542 124292458213 
1 215 23005 1633355 86567815 3653161793 127860662755 
1 216 23220 1656360 88201170 3739729608 131513824548 
1 217 23436 1679580 89857530 3827930778 135253554156 
1 218 23653 1703016 91537110 3917788308 139081484934 
1 219 23871 1726669 93240126 4009325418 142999273242 
1 220 24090 1750540 94966795 4102565544 147008598660 
1 221 24310 1774630 96717335 4197532339 151111164204 
1 222 24531 1798940 98491965 4294249674 155308696543 
1 223 24753 1823471 100290905 4392741639 159602946217 
1 224 24976 1848224 102114376 4493032544 163995687856 
1 225 25200 1873200 103962600 4595146920 168488720400 
1 226 25425 1898400 105835800 4699109520 173083867320 
1 227 25651 1923825 107734200 4804945320 177782976840 
1 228 25878 1949476 109658025 4912679520 182587922160 
1 229 26106 1975354 111607501 5022337545 187500601680 
1 230 26335 2001460 113582855 5133945046 192522939225 
1 231 26565 2027795 115584315 5247527901 197656884271 
1 232 26796 2054360 117612110 5363112216 202904412172 
1 233 27028 2081156 119666470 5480724326 208267524388 
1 234 27261 2108184 121747626 5600390796 213748248714 
1 235 27495 2135445 123855810 5722138422 219348639510 
1 236 27730 2162940 125991255 5845994232 225070777932 
1 237 27966 2190670 128154195 5971985487 230916772164 
1 238 28203 2218636 130344865 6100139682 236888757651 
1 239 28441 2246839 132563501 6230484547 242988897333 
1 240 28680 2275280 134810340 6363048048 249219381880 
1 241 28920 2303960 137085620 6497858388 255582429928 
1 242 29161 2332880 139389580 6634944008 262080288316 
1 243 29403 2362041 141722460 6774333588 268715232324 
1 244 29646 2391444 144084501 6916056048 275489565912 
1 245 29890 2421090 146475945 7060140549 282405621960 
1 246 30135 2450980 148897035 7206616494 289465762509 
1 247 30381 2481115 151348015 7355513529 296672379003 
1 248 30628 2511496 153829130 7506861544 304027892532 
1 249 30876 2542124 156340626 7660690674 311534754076 
1 250 31125 2573000 158882750 7817031300 319195444750 
1 251 31375 2604125 161455750 7975914050 327012476050 
1 252 31626 2635500 164059875 8137369800 334988390100 
1 253 31878 2667126 166695375 8301429675 343125759900 
1 254 32131 2699004 169362501 8468125050 351427189575 
1 255 32385 2731135 172061505 8637487551 359895314625 
1 256 32640 2763520 174792640 8809549056 368532802176 
1 257 32896 2796160 177556160 8984341696 377342351232 
1 258 33153 2829056 180352320 9161897856 386326692928 
1 259 33411 2862209 183181376 9342250176 395488590784 
1 260 33670 2895620 186043585 9525431552 404830840960 
1 261 33930 2929290 188939205 9711475137 414356272512 
1 262 34191 2963220 191868495 9900414342 424067747649 
1 263 34453 2997411 194831715 10092282837 433968161991 
1 264 34716 3031864 197829126 10287114552 444060444828 
1 265 34980 3066580 200860990 10484943678 454347559380 
1 266 35245 3101560 203927570 10685804668 464832503058 
1 267 35511 3136805 207029130 10889732238 475518307726 
1 268 35778 3172316 210165935 11096761368 486408039964 
1 269 36046 3208094 213338251 11306927303 497504801332 
1 270 36315 3244140 216546345 11520265554 508811728635 
1 271 36585 3280455 219790485 11736811899 520331994189 
1 272 36856 3317040 223070940 11956602384 532068806088 
1 273 37128 3353896 226387980 12179673324 544025408472 
1 274 37401 3391024 229741876 12406061304 556205081796 
1 275 37675 3428425 233132900 12635803180 568611143100 
1 276 37950 3466100 236561325 12868936080 581246946280 
1 277 38226 3504050 240027425 13105497405 594115882360 
1 278 38503 3542276 243531475 13345524830 607221379765 
1 279 38781 3580779 247073751 13589056305 620566904595 
1 280 39060 3619560 250654530 13836130056 634155960900 
1 281 39340 3658620 254274090 14086784586 647992090956 
1 282 39621 3697960 257932710 14341058676 662078875542 
1 283 39903 3737581 261630670 14598991386 676419934218 
1 284 40186 3777484 265368251 14860622056 691018925604 
1 285 40470 3817670 269145735 15125990307 705879547660 
1 286 40755 3858140 272963405 15395136042 721005537967 
1 287 41041 3898895 276821545 15668099447 736400674009 
1 288 41328 3939936 280720440 15944920992 752068773456 
1 289 41616 3981264 284660376 16225641432 768013694448 
1 290 41905 4022880 288641640 16510301808 784239335880 
1 291 42195 4064785 292664520 16798943448 800749637688 
1 292 42486 4106980 296729305 17091607968 817548581136 
1 293 42778 4149466 300836285 17388337273 834640189104 
1 294 43071 4192244 304985751 17689173558 852028526377 
1 295 43365 4235315 309177995 17994159309 869717699935 
1 296 43660 4278680 313413310 18303337304 887711859244 
1 297 43956 4322340 317691990 18616750614 906015196548 
1 298 44253 4366296 322014330 18934442604 924631947162 
1 299 44551 4410549 326380626 19256456934 943566389766 
1 300 44850 4455100 330791175 19582837560 962822846700 
1 301 45150 4499950 335246275 19913628735 982405684260 
1 302 45451 4545100 339746225 20248875010 1002319312995 
1 303 45753 4590551 344291325 20588621235 1022568188005 
1 304 46056 4636304 348881876 20932912560 1043156809240 
1 305 46360 4682360 353518180 21281794436 1064089721800 
1 306 46665 4728720 358200540 21635312616 1085371516236 
1 307 46971 4775385 362929260 21993513156 1107006828852 
1 308 47278 4822356 367704645 22356442416 1129000342008 
1 309 47586 4869634 372527001 22724147061 1151356784424 
1 310 47895 4917220 377396635 23096674062 1174080931485 
1 311 48205 4965115 382313855 23474070697 1197177605547 
1 312 48516 5013320 387278970 23856384552 1220651676244 
1 313 48828 5061836 392292290 24243663522 1244508060796 
1 314 49141 5110664 397354126 24635955812 1268751724318 
1 315 49455 5159805 402464790 25033309938 1293387680130 
1 316 49770 5209260 407624595 25435774728 1318420990068 
1 317 50086 5259030 412833855 25843399323 1343856764796 
1 318 50403 5309116 418092885 26256233178 1369700164119 
1 319 50721 5359519 423402001 26674326063 1395956397297 
1 320 51040 5410240 428761520 27097728064 1422630723360 
1 321 51360 5461280 434171760 27526489584 1449728451424 
1 322 51681 5512640 439633040 27960661344 1477254941008 
1 323 52003 5564321 445145680 28400294384 1505215602352 
1 324 52326 5616324 450710001 28845440064 1533615896736 
1 325 52650 5668650 456326325 29296150065 1562461336800 
1 326 52975 5721300 461994975 29752476390 1591757486865 
1 327 53301 5774275 467716275 30214471365 1621509963255 
1 328 53628 5827576 473490550 30682187640 1651724434620 
1 329 53956 5881204 479318126 31155678190 1682406622260 
1 330 54285 5935160 485199330 31634996316 1713562300450 
1 331 54615 5989445 491134490 32120195646 1745197296766 
1 332 54946 6044060 497123935 32611330136 1777317492412 
1 333 55278 6099006 503167995 33108454071 1809928822548 
1 334 55611 6154284 509267001 33611622066 1843037276619 
1 335 55945 6209895 515421285 34120889067 1876648898685 
1 336 56280 6265840 521631180 34636310352 1910769787752 
1 337 56616 6322120 527897020 35157941532 1945406098104 
1 338 56953 6378736 534219140 35685838552 1980564039636 
1 339 57291 6435689 540597876 36220057692 2016249878188 
1 340 57630 6492980 547033565 36760655568 2052469935880 
1 341 57970 6550610 553526545 37307689133 2089230591448 
1 342 58311 6608580 560077155 37861215678 2126538280581 
1 343 58653 6666891 566685735 38421292833 2164399496259 
1 344 58996 6725544 573352626 38987978568 2202820789092 
1 345 59340 6784540 580078170 39561331194 2241808767660 
1 346 59685 6843880 586862710 40141409364 2281370098854 
1 347 60031 6903565 593706590 40728272074 2321511508218 
1 348 60378 6963596 600610155 41321978664 2362239780292 
1 349 60726 7023974 607573751 41922588819 2403561758956 
1 350 61075 7084700 614597725 42530162570 2445484347775 
1 351 61425 7145775 621682425 43144760295 2488014510345 
1 352 61776 7207200 628828200 43766442720 2531159270640 
1 353 62128 7268976 636035400 44395270920 2574925713360 
1 354 62481 7331104 643304376 45031306320 2619320984280 
1 355 62835 7393585 650635480 45674610696 2664352290600 
1 356 63190 7456420 658029065 46325246176 2710026901296 
1 357 63546 7519610 665485485 46983275241 2756352147472 
1 358 63903 7583156 673005095 47648760726 2803335422713 
1 359 64261 7647059 680588251 48321765821 2850984183439 
1 360 64620 7711320 688235310 49002354072 2899305949260 
1 361 64980 7775940 695946630 49690589382 2948308303332 
1 362 65341 7840920 703722570 50386536012 2997998892714 
1 363 65703 7906261 711563490 51090258582 3048385428726 
1 364 66066 7971964 719469751 51801822072 3099475687308 
1 365 66430 8038030 727441715 52521291823 3151277509380 
1 366 66795 8104460 735479745 53248733538 3203798801203 
1 367 67161 8171255 743584205 53984213283 3257047534741 
1 368 67528 8238416 751755460 54727797488 3311031748024 
1 369 67896 8305944 759993876 55479552948 3365759545512 
1 370 68265 8373840 768299820 56239546824 3421239098460 
1 371 68635 8442105 776673660 57007846644 3477478645284 
1 372 69006 8510740 785115765 57784520304 3534486491928 
1 373 69378 8579746 793626505 58569636069 3592271012232 
1 374 69751 8649124 802206251 59363262574 3650840648301 
1 375 70125 8718875 810855375 60165468825 3710203910875 
1 376 70500 8789000 819574250 60976324200 3770369379700 
1 377 70876 8859500 828363250 61795898450 3831345703900 
1 378 71253 8930376 837222750 62624261700 3893141602350 
1 379 71631 9001629 846153126 63461484450 3955765864050 
1 380 72010 9073260 855154755 64307637576 4019227348500 
1 381 72390 9145270 864228015 65162792331 4083534986076 
1 382 72771 9217660 873373285 66027020346 4148697778407 
1 383 73153 9290431 882590945 66900393631 4214724798753 
1 384 73536 9363584 891881376 67782984576 4281625192384 
1 385 73920 9437120 901244960 68674865952 4349408176960 
1 386 74305 9511040 910682080 69576110912 4418083042912 
1 387 74691 9585345 920193120 70486792992 4487659153824 
1 388 75078 9660036 929778465 71406986112 4558145946816 
1 389 75466 9735114 939438501 72336764577 4629552932928 
1 390 75855 9810580 949173615 73276203078 4701889697505 
1 391 76245 9886435 958984195 74225376693 4775165900583 
1 392 76636 9962680 968870630 75184360888 4849391277276 
1 393 77028 10039316 978833310 76153231518 4924575638164 
1 394 77421 10116344 988872626 77132064828 5000728869682 
1 395 77815 10193765 998988970 78120937454 5077860934510 
1 396 78210 10271580 1009182735 79119926424 5155981871964 
1 397 78606 10349790 1019454315 80129109159 5235101798388 
1 398 79003 10428396 1029804105 81148563474 5315230907547 
1 399 79401 10507399 1040232501 82178367579 5396379471021 
1 400 79800 10586800 1050739900 83218600080 5478557838600 
1 401 80200 10666600 1061326700 84269339980 5561776438680 
1 402 80601 10746800 1071993300 85330666680 5646045778660 
1 403 81003 10827401 1082740100 86402659980 5731376445340 
1 404 81406 10908404 1093567501 87485400080 5817779105320 
1 405 81810 10989810 1104475905 88578967581 5905264505400 
1 406 82215 11071620 1115465715 89683443486 5993843472981 
1 407 82621 11153835 1126537335 90798909201 6083526916467 
1 408 83028 11236456 1137691170 91925446536 6174325825668 
1 409 83436 11319484 1148927626 93063137706 6266251272204 
1 410 83845 11402920 1160247110 94212065332 6359314409910 
1 411 84255 11486765 1171650030 95372312442 6453526475242 
1 412 84666 11571020 1183136795 96543962472 6548898787684 
1 413 85078 11655686 1194707815 97727099267 6645442750156 
1 414 85491 11740764 1206363501 98921807082 6743169849423 
1 415 85905 11826255 1218104265 100128170583 6842091656505 
1 416 86320 11912160 1229930520 101346274848 6942219827088 
1 417 86736 11998480 1241842680 102576205368 7043566101936 
1 418 87153 12085216 1253841160 103818048048 7146142307304 
1 419 87571 12172369 1265926376 105071889208 7249960355352 
1 420 87990 12259940 1278098745 106337815584 7355032244560 
1 421 88410 12347930 1290358685 107615914329 7461370060144 
1 422 88831 12436340 1302706615 108906273014 7568985974473 
1 423 89253 12525171 1315142955 110208979629 7677892247487 
1 424 89676 12614424 1327668126 111524122584 7788101227116 
1 425 90100 12704100 1340282550 112851790710 7899625349700 
1 426 90525 12794200 1352986650 114192073260 8012477140410 
1 427 90951 12884725 1365780850 115545059910 8126669213670 
1 428 91378 12975676 1378665575 116910840760 8242214273580 
1 429 91806 13067054 1391641251 118289506335 8359125114340 
1 430 92235 13158860 1404708305 119681147586 8477414620675 
1 431 92665 13251095 1417867165 121085855891 8597095768261 
1 432 93096 13343760 1431118260 122503723056 8718181624152 
1 433 93528 13436856 1444462020 123934841316 8840685347208 
1 434 93961 13530384 1457898876 125379303336 8964620188524 
1 435 94395 13624345 1471429260 126837202212 9089999491860 
1 436 94830 13718740 1485053605 128308631472 9216836694072 
1 437 95266 13813570 1498772345 129793685077 9345145325544 
1 438 95703 13908836 1512585915 131292457422 9474939010621 
1 439 96141 14004539 1526494751 132805043337 9606231468043 
1 440 96580 14100680 1540499290 134331538088 9739036511380 
1 441 97020 14197260 1554599970 135872037378 9873368049468 
1 442 97461 14294280 1568797230 137426637348 10009240086846 
1 443 97903 14391741 1583091510 138995434578 10146666724194 
1 444 98346 14489644 1597483251 140578526088 10285662158772 
1 445 98790 14587990 1611972895 142176009339 10426240684860 
1 446 99235 14686780 1626560885 143787982234 10568416694199 
1 447 99681 14786015 1641247665 145414543119 10712204676433 
1 448 100128 14885696 1656033680 147055790784 10857619219552 
1 449 100576 14985824 1670919376 148711824464 11004675010336 
1 450 101025 15086400 1685905200 150382743840 11153386834800 
1 451 101475 15187425 1700991600 152068649040 11303769578640 
1 452 101926 15288900 1716179025 153769640640 11455838227680 
1 453 102378 15390826 1731467925 155485819665 11609607868320 
1 454 102831 15493204 1746858751 157217287590 11765093687985 
1 455 103285 15596035 1762351955 158964146341 11922310975575 
1 456 103740 15699320 1777947990 160726498296 12081275121916 
1 457 104196 15803060 1793647310 162504446286 12242001620212 
1 458 104653 15907256 1809450370 164298093596 12404506066498 
1 459 105111 16011909 1825357626 166107543966 12568804160094 
1 460 105570 16117020 1841369535 167932901592 12734911704060 
1 461 106030 16222590 1857486555 169774271127 12902844605652 
1 462 106491 16328620 1873709145 171631757682 13072618876779 
1 463 106953 16435111 1890037765 173505466827 13244250634461 
1 464 107416 16542064 1906472876 175395504592 13417756101288 
1 465 107880 16649480 1923014940 177301977468 13593151605880 
1 466 108345 16757360 1939664420 179224992408 13770453583348 
1 467 108811 16865705 1956421780 181164656828 13949678575756 
1 468 109278 16974516 1973287485 183121078608 14130843232584 
1 469 109746 17083794 1990262001 185094366093 14313964311192 
1 470 110215 17193540 2007345795 187084628094 14499058677285 
1 471 110685 17303755 2024539335 189091973889 14686143305379 
1 472 111156 17414440 2041843090 191116513224 14875235279268 
1 473 111628 17525596 2059257530 193158356314 15066351792492 
1 474 112101 17637224 2076783126 195217613844 15259510148806 
1 475 112575 17749325 2094420350 197294396970 15454727762650 
1 476 113050 17861900 2112169675 199388817320 15652022159620 
1 477 113526 17974950 2130031575 201500986995 15851410976940 
1 478 114003 18088476 2148006525 203631018570 16052911963935 
1 479 114481 18202479 2166095001 205779025095 16256542982505 
1 480 114960 18316960 2184297480 207945120096 16462322007600 
1 481 115440 18431920 2202614440 210129417576 16670267127696 
1 482 115921 18547360 2221046360 212332032016 16880396545272 
1 483 116403 18663281 2239593720 214553078376 17092728577288 
1 484 116886 18779684 2258257001 216792672096 17307281655664 
1 485 117370 18896570 2277036685 219050929097 17524074327760 
1 486 117855 19013940 2295933255 221327965782 17743125256857 
1 487 118341 19131795 2314947195 223623899037 17964453222639 
1 488 118828 19250136 2334078990 225938846232 18188077121676 
1 489 119316 19368964 2353329126 228272925222 18414015967908 
1 490 119805 19488280 2372698090 230626254348 18642288893130 
1 491 120295 19608085 2392186370 232998952438 18872915147478 
1 492 120786 19728380 2411794455 235391138808 19105914099916 
1 493 121278 19849166 2431522835 237802933263 19341305238724 
1 494 121771 19970444 2451372001 240234456098 19579108171987 
1 495 122265 20092215 2471342445 242685828099 19819342628085 
1 496 122760 20214480 2491434660 245157170544 20062028456184 
1 497 123256 20337240 2511649140 247648605204 20307185626728 
1 498 123753 20460496 2531986380 250160254344 20554834231932 
1 499 124251 20584249 2552446876 252692240724 20804994486276 
1 500 124750 20708500 2573031125 255244687600 21057686727000 
