1 0 0 0 0 0 0 
1 1 0 0 0 0 0 
1 2 1 0 0 0 0 
1 3 3 1 0 0 0 
1 4 6 4 1 0 0 
1 5 10 10 5 1 0 
1 6 15 20 15 6 1 
1 7 21 35 35 21 7 
1 8 28 56 70 56 28 
1 9 36 84 126 126 84 
1 10 45 120 210 252 210 
1 11 55 165 330 462 462 
1 12 66 220 495 792 924 
1 13 78 286 715 1287 1716 
1 14 91 364 1001 2002 3003 
1 15 105 455 1365 3003 5005 
1 16 120 560 1820 4368 8008 
1 17 136 680 2380 6188 12376 
1 18 153 816 3060 8568 18564 
1 19 171 969 3876 11628 27132 
1 20 190 1140 4845 15504 38760 
1 21 210 1330 5985 20349 54264 
1 22 231 1540 7315 26334 74613 
1 23 253 1771 8855 33649 100947 
1 24 276 2024 10626 42504 134596 
1 25 300 2300 12650 53130 177100 
1 26 325 2600 14950 65780 230230 
1 27 351 2925 17550 80730 296010 
1 28 378 3276 20475 98280 376740 
1 29 406 3654 23751 118755 475020 
1 30 435 4060 27405 142506 593775 
1 31 465 4495 31465 169911 736281 
1 32 496 4960 35960 201376 906192 
1 33 528 5456 40920 237336 1107568 
1 34 561 5984 46376 278256 1344904 
1 35 595 6545 52360 324632 1623160 
1 36 630 7140 58905 376992 1947792 
1 37 666 7770 66045 435897 2324784 
1 38 703 8436 73815 501942 2760681 
1 39 741 9139 82251 575757 3262623 
1 40 780 9880 91390 658008 3838380 
1 41 820 10660 101270 749398 4496388 
1 42 861 11480 111930 850668 5245786 
1 43 903 12341 123410 962598 6096454 
1 44 946 13244 135751 1086008 7059052 
1 45 990 14190 148995 1221759 8145060 
1 46 1035 15180 163185 1370754 9366819 
1 47 1081 16215 178365 1533939 10737573 
1 48 1128 17296 194580 1712304 12271512 
1 49 1176 18424 211876 1906884 13983816 
1 50 1225 19600 230300 2118760 15890700 
1 51 1275 20825 249900 2349060 18009460 
1 52 1326 22100 270725 2598960 20358520 
1 53 1378 23426 292825 2869685 22957480 
1 54 1431 24804 316251 3162510 25827165 
1 55 1485 26235 341055 3478761 28989675 
1 56 1540 27720 367290 3819816 32468436 
1 57 1596 29260 395010 4187106 36288252 
1 58 1653 30856 424270 4582116 40475358 
1 59 1711 32509 455126 5006386 45057474 
1 60 1770 34220 487635 5461512 50063860 
1 61 1830 35990 521855 5949147 55525372 
1 62 1891 37820 557845 6471002 61474519 
1 63 1953 39711 595665 7028847 67945521 
1 64 2016 41664 635376 7624512 74974368 
1 65 2080 43680 677040 8259888 82598880 
1 66 2145 45760 720720 8936928 90858768 
1 67 2211 47905 766480 9657648 99795696 
1 68 2278 50116 814385 10424128 109453344 
1 69 2346 52394 864501 11238513 119877472 
1 70 2415 54740 916895 12103014 131115985 
1 71 2485 57155 971635 13019909 143218999 
1 72 2556 59640 1028790 13991544 156238908 
1 73 2628 62196 1088430 15020334 170230452 
1 74 2701 64824 1150626 16108764 185250786 
1 75 2775 67525 1215450 17259390 201359550 
1 76 2850 70300 1282975 18474840 218618940 
1 77 2926 73150 1353275 19757815 237093780 
1 78 3003 76076 1426425 21111090 256851595 
1 79 3081 79079 1502501 22537515 277962685 
1 80 3160 82160 1581580 24040016 300500200 
1 81 3240 85320 1663740 25621596 324540216 
1 82 3321 88560 1749060 27285336 350161812 
1 83 3403 91881 1837620 29034396 377447148 
1 84 3486 95284 1929501 30872016 406481544 
1 85 3570 98770 2024785 32801517 437353560 
1 86 3655 102340 2123555 34826302 470155077 
1 87 3741 105995 2225895 36949857 504981379 
1 88 3828 109736 2331890 39175752 541931236 
1 89 3916 113564 2441626 41507642 581106988 
1 90 4005 117480 2555190 43949268 622614630 
1 91 4095 121485 2672670 46504458 666563898 
1 92 4186 125580 2794155 49177128 713068356 
1 93 4278 129766 2919735 51971283 762245484 
1 94 4371 134044 3049501 54891018 814216767 
1 95 4465 138415 3183545 57940519 869107785 
1 96 4560 142880 3321960 61124064 927048304 
1 97 4656 147440 3464840 64446024 988172368 
1 98 4753 152096 3612280 67910864 1052618392 
1 99 4851 156849 3764376 71523144 1120529256 
1 100 4950 161700 3921225 75287520 1192052400 
1 101 5050 166650 4082925 79208745 1267339920 
1 102 5151 171700 4249575 83291670 1346548665 
1 103 5253 176851 4421275 87541245 1429840335 
1 104 5356 182104 4598126 91962520 1517381580 
1 105 5460 187460 4780230 96560646 1609344100 
1 106 5565 192920 4967690 101340876 1705904746 
1 107 5671 198485 5160610 106308566 1807245622 
1 108 5778 204156 5359095 111469176 1913554188 
1 109 5886 209934 5563251 116828271 2025023364 
1 110 5995 215820 5773185 122391522 2141851635 
1 111 6105 221815 5989005 128164707 2264243157 
1 112 6216 227920 6210820 134153712 2392407864 
1 113 6328 234136 6438740 140364532 2526561576 
1 114 6441 240464 6672876 146803272 2666926108 
1 115 6555 246905 6913340 153476148 2813729380 
1 116 6670 253460 7160245 160389488 2967205528 
1 117 6786 260130 7413705 167549733 3127595016 
1 118 6903 266916 7673835 174963438 3295144749 
1 119 7021 273819 7940751 182637273 3470108187 
1 120 7140 280840 8214570 190578024 3652745460 
1 121 7260 287980 8495410 198792594 3843323484 
1 122 7381 295240 8783390 207288004 4042116078 
1 123 7503 302621 9078630 216071394 4249404082 
1 124 7626 310124 9381251 225150024 4465475476 
1 125 7750 317750 9691375 234531275 4690625500 
1 126 7875 325500 10009125 244222650 4925156775 
1 127 8001 333375 10334625 254231775 5169379425 
1 128 8128 341376 10668000 264566400 5423611200 
1 129 8256 349504 11009376 275234400 5688177600 
1 130 8385 357760 11358880 286243776 5963412000 
1 131 8515 366145 11716640 297602656 6249655776 
1 132 8646 374660 12082785 309319296 6547258432 
1 133 8778 383306 12457445 321402081 6856577728 
1 134 8911 392084 12840751 333859526 7177979809 
1 135 9045 400995 13232835 346700277 7511839335 
1 136 9180 410040 13633830 359933112 7858539612 
1 137 9316 419220 14043870 373566942 8218472724 
1 138 9453 428536 14463090 387610812 8592039666 
1 139 9591 437989 14891626 402073902 8979650478 
1 140 9730 447580 15329615 416965528 9381724380 
1 141 9870 457310 15777195 432295143 9798689908 
1 142 10011 467180 16234505 448072338 10230985051 
1 143 10153 477191 16701685 464306843 10679057389 
1 144 10296 487344 17178876 481008528 11143364232 
1 145 10440 497640 17666220 498187404 11624372760 
1 146 10585 508080 18163860 515853624 12122560164 
1 147 10731 518665 18671940 534017484 12638413788 
1 148 10878 529396 19190605 552689424 13172431272 
1 149 11026 540274 19720001 571880029 13725120696 
1 150 11175 551300 20260275 591600030 14297000725 
1 151 11325 562475 20811575 611860305 14888600755 
1 152 11476 573800 21374050 632671880 15500461060 
1 153 11628 585276 21947850 654045930 16133132940 
1 154 11781 596904 22533126 675993780 16787178870 
1 155 11935 608685 23130030 698526906 17463172650 
1 156 12090 620620 23738715 721656936 18161699556 
1 157 12246 632710 24359335 745395651 18883356492 
1 158 12403 644956 24992045 769754986 19628752143 
1 159 12561 657359 25637001 794747031 20398507129 
1 160 12720 669920 26294360 820384032 21193254160 
1 161 12880 682640 26964280 846678392 22013638192 
1 162 13041 695520 27646920 873642672 22860316584 
1 163 13203 708561 28342440 901289592 23733959256 
1 164 13366 721764 29051001 929632032 24635248848 
1 165 13530 735130 29772765 958683033 25564880880 
1 166 13695 748660 30507895 988455798 26523563913 
1 167 13861 762355 31256555 1018963693 27512019711 
1 168 14028 776216 32018910 1050220248 28530983404 
1 169 14196 790244 32795126 1082239158 29581203652 
1 170 14365 804440 33585370 1115034284 30663442810 
1 171 14535 818805 34389810 1148619654 31778477094 
1 172 14706 833340 35208615 1183009464 32927096748 
1 173 14878 848046 36041955 1218218079 34110106212 
1 174 15051 862924 36890001 1254260034 35328324291 
1 175 15225 877975 37752925 1291150035 36582584325 
1 176 15400 893200 38630900 1328902960 37873734360 
1 177 15576 908600 39524100 1367533860 39202637320 
1 178 15753 924176 40432700 1407057960 40570171180 
1 179 15931 939929 41356876 1447490660 41977229140 
1 180 16110 955860 42296805 1488847536 43424719800 
1 181 16290 971970 43252665 1531144341 44913567336 
1 182 16471 988260 44224635 1574397006 46444711677 
1 183 16653 1004731 45212895 1618621641 48019108683 
1 184 16836 1021384 46217626 1663834536 49637730324 
1 185 17020 1038220 47239010 1710052162 51301564860 
1 186 17205 1055240 48277230 1757291172 53011617022 
1 187 17391 1072445 49332470 1805568402 54768908194 
1 188 17578 1089836 50404915 1854900872 56574476596 
1 189 17766 1107414 51494751 1905305787 58429377468 
1 190 17955 1125180 52602165 1956800538 60334683255 
1 191 18145 1143135 53727345 2009402703 62291483793 
1 192 18336 1161280 54870480 2063130048 64300886496 
1 193 18528 1179616 56031760 2118000528 66364016544 
1 194 18721 1198144 57211376 2174032288 68482017072 
1 195 18915 1216865 58409520 2231243664 70656049360 
1 196 19110 1235780 59626385 2289653184 72887293024 
1 197 19306 1254890 60862165 2349279569 75176946208 
1 198 19503 1274196 62117055 2410141734 77526225777 
1 199 19701 1293699 63391251 2472258789 79936367511 
1 200 19900 1313400 64684950 2535650040 82408626300 
1 201 20100 1333300 65998350 2600334990 84944276340 
1 202 20301 1353400 67331650 2666333340 87544611330 
1 203 20503 1373701 68685050 2733664990 90210944670 
1 204 20706 1394204 70058751 2802350040 92944609660 
1 205 20910 1414910 71452955 2872408791 95746959700 
1 206 21115 1435820 72867865 2943861746 98619368491 
1 207 21321 1456935 74303685 3016729611 101563230237 
1 208 21528 1478256 75760620 3091033296 104579959848 
1 209 21736 1499784 77238876 3166793916 107670993144 
1 210 21945 1521520 78738660 3244032792 110837787060 
1 211 22155 1543465 80260180 3322771452 114081819852 
1 212 22366 1565620 81803645 3403031632 117404591304 
1 213 22578 1587986 83369265 3484835277 120807622936 
1 214 22791 1610564 84957251 3568204542 124292458213 
1 215 23005 1633355 86567815 3653161793 127860662755 
1 216 23220 1656360 88201170 3739729608 131513824548 
1 217 23436 1679580 89857530 3827930778 135253554156 
1 218 23653 1703016 91537110 3917788308 139081484934 
1 219 23871 1726669 93240126 4009325418 142999273242 
1 220 24090 1750540 94966795 4102565544 147008598660 
1 221 24310 1774630 96717335 4197532339 151111164204 
1 222 24531 1798940 98491965 4294249674 155308696543 
1 223 24753 1823471 100290905 4392741639 159602946217 
1 224 24976 1848224 102114376 4493032544 163995687856 
1 225 25200 1873200 103962600 4595146920 168488720400 
1 226 25425 1898400 105835800 4699109520 173083867320 
1 227 25651 1923825 107734200 4804945320 177782976840 
1 228 25878 1949476 109658025 4912679520 182587922160 
1 229 26106 1975354 111607501 5022337545 187500601680 
1 230 26335 2001460 113582855 5133945046 192522939225 
1 231 26565 2027795 115584315 5247527901 197656884271 
1 232 26796 2054360 117612110 5363112216 202904412172 
1 233 27028 2081156 119666470 5480724326 208267524388 
1 234 27261 2108184 121747626 5600390796 213748248714 
1 235 27495 2135445 123855810 5722138422 219348639510 
1 236 27730 2162940 125991255 5845994232 225070777932 
1 237 27966 2190670 128154195 5971985487 230916772164 
1 238 28203 2218636 130344865 6100139682 236888757651 
1 239 28441 2246839 132563501 6230484547 242988897333 
1 240 28680 2275280 134810340 6363048048 249219381880 
1 241 28920 2303960 137085620 6497858388 255582429928 
1 242 29161 2332880 139389580 6634944008 262080288316 
1 243 29403 2362041 141722460 6774333588 268715232324 
1 244 29646 2391444 144084501 6916056048 275489565912 
1 245 29890 2421090 146475945 7060140549 282405621960 
1 246 30135 2450980 148897035 7206616494 289465762509 
1 247 30381 2481115 151348015 7355513529 296672379003 
1 248 30628 2511496 153829130 7506861544 304027892532 
1 249 30876 2542124 156340626 7660690674 311534754076 
1 250 31125 2573000 158882750 7817031300 319195444750 
1 251 31375 2604125 161455750 7975914050 327012476050 
1 252 31626 2635500 164059875 8137369800 334988390100 
1 253 31878 2667126 166695375 8301429675 343125759900 
1 254 32131 2699004 169362501 8468125050 351427189575 
1 255 32385 2731135 172061505 8637487551 359895314625 
1 256 32640 2763520 174792640 8809549056 368532802176 
1 257 32896 2796160 177556160 8984341696 377342351232 
1 258 33153 2829056 180352320 9161897856 386326692928 
1 259 33411 2862209 183181376 9342250176 395488590784 
1 260 33670 2895620 186043585 9525431552 404830840960 
1 261 33930 2929290 188939205 9711475137 414356272512 
1 262 34191 2963220 191868495 9900414342 424067747649 
1 263 34453 2997411 194831715 10092282837 433968161991 
1 264 34716 3031864 197829126 10287114552 444060444828 
1 265 34980 3066580 200860990 10484943678 454347559380 
1 266 35245 3101560 203927570 10685804668 464832503058 
1 267 35511 3136805 207029130 10889732238 475518307726 
1 268 35778 3172316 210165935 11096761368 486408039964 
1 269 36046 3208094 213338251 11306927303 497504801332 
1 270 36315 3244140 216546345 11520265554 508811728635 
1 271 36585 3280455 219790485 11736811899 520331994189 
1 272 36856 3317040 223070940 11956602384 532068806088 
1 273 37128 3353896 226387980 12179673324 544025408472 
1 274 37401 3391024 229741876 12406061304 556205081796 
1 275 37675 3428425 233132900 12635803180 568611143100 
1 276 37950 3466100 236561325 12868936080 581246946280 
1 277 38226 3504050 240027425 13105497405 594115882360 
1 278 38503 3542276 243531475 13345524830 607221379765 
1 279 38781 3580779 247073751 13589056305 620566904595 
1 280 39060 3619560 250654530 13836130056 634155960900 
1 281 39340 3658620 254274090 14086784586 647992090956 
1 282 39621 3697960 257932710 14341058676 662078875542 
1 283 39903 3737581 261630670 14598991386 676419934218 
1 284 40186 3777484 265368251 14860622056 691018925604 
1 285 40470 3817670 269145735 15125990307 705879547660 
1 286 40755 3858140 272963405 15395136042 721005537967 
1 287 41041 3898895 276821545 15668099447 736400674009 
1 288 41328 3939936 280720440 15944920992 752068773456 
1 289 41616 3981264 284660376 16225641432 768013694448 
1 290 41905 4022880 288641640 16510301808 784239335880 
1 291 42195 4064785 292664520 16798943448 800749637688 
1 292 42486 4106980 296729305 17091607968 817548581136 
1 293 42778 4149466 300836285 17388337273 834640189104 
1 294 43071 4192244 304985751 17689173558 852028526377 
1 295 43365 4235315 309177995 17994159309 869717699935 
1 296 43660 4278680 313413310 18303337304 887711859244 
1 297 43956 4322340 317691990 18616750614 906015196548 
1 298 44253 4366296 322014330 18934442604 924631947162 
1 299 44551 4410549 326380626 19256456934 943566389766 
1 300 44850 4455100 330791175 19582837560 962822846700 
1 301 45150 4499950 335246275 19913628735 982405684260 
1 302 45451 4545100 339746225 20248875010 1002319312995 
1 303 45753 4590551 344291325 20588621235 1022568188005 
1 304 46056 4636304 348881876 20932912560 1043156809240 
1 305 46360 4682360 353518180 21281794436 1064089721800 
1 306 46665 4728720 358200540 21635312616 1085371516236 
1 307 46971 4775385 362929260 21993513156 1107006828852 
1 308 47278 4822356 367704645 22356442416 1129000342008 
1 309 47586 4869634 372527001 22724147061 1151356784424 
1 310 47895 4917220 377396635 23096674062 1174080931485 
1 311 48205 4965115 382313855 23474070697 1197177605547 
1 312 48516 5013320 387278970 23856384552 1220651676244 
1 313 48828 5061836 392292290 24243663522 1244508060796 
1 314 49141 5110664 397354126 24635955812 1268751724318 
1 315 49455 5159805 402464790 25033309938 1293387680130 
1 316 49770 5209260 407624595 25435774728 1318420990068 
1 317 50086 5259030 412833855 25843399323 1343856764796 
1 318 50403 5309116 418092885 26256233178 1369700164119 
1 319 50721 5359519 423402001 26674326063 1395956397297 
1 320 51040 5410240 428761520 27097728064 1422630723360 
1 321 51360 5461280 434171760 27526489584 1449728451424 
1 322 51681 5512640 439633040 27960661344 1477254941008 
1 323 52003 5564321 445145680 28400294384 1505215602352 
1 324 52326 5616324 450710001 28845440064 1533615896736 
1 325 52650 5668650 456326325 29296150065 1562461336800 
1 326 52975 5721300 461994975 29752476390 1591757486865 
1 327 53301 5774275 467716275 30214471365 1621509963255 
1 328 53628 5827576 473490550 30682187640 1651724434620 
1 329 53956 5881204 479318126 31155678190 1682406622260 
1 330 54285 5935160 485199330 31634996316 1713562300450 
1 331 54615 5989445 491134490 32120195646 1745197296766 
1 332 54946 6044060 497123935 32611330136 1777317492412 
1 333 55278 6099006 503167995 33108454071 1809928822548 
1 334 55611 6154284 509267001 33611622066 1843037276619 
1 335 55945 6209895 515421285 34120889067 1876648898685 
1 336 56280 6265840 521631180 34636310352 1910769787752 
1 337 56616 6322120 527897020 35157941532 1945406098104 
1 338 56953 6378736 534219140 35685838552 1980564039636 
1 339 57291 6435689 540597876 36220057692 2016249878188 
1 340 57630 6492980 547033565 36760655568 2052469935880 
1 341 57970 6550610 553526545 37307689133 2089230591448 
1 342 58311 6608580 560077155 37861215678 2126538280581 
1 343 58653 6666891 566685735 38421292833 2164399496259 
1 344 58996 6725544 573352626 38987978568 2202820789092 
1 345 59340 6784540 580078170 39561331194 2241808767660 
1 346 59685 6843880 586862710 40141409364 2281370098854 
1 347 60031 6903565 593706590 40728272074 2321511508218 
1 348 60378 6963596 600610155 41321978664 2362239780292 
1 349 60726 7023974 607573751 41922588819 2403561758956 
1 350 61075 7084700 614597725 42530162570 2445484347775 
1 351 61425 7145775 621682425 43144760295 2488014510345 
1 352 61776 7207200 628828200 43766442720 2531159270640 
1 353 62128 7268976 636035400 44395270920 2574925713360 
1 354 62481 7331104 643304376 45031306320 2619320984280 
1 355 62835 7393585 650635480 45674610696 2664352290600 
1 356 63190 7456420 658029065 46325246176 2710026901296 
1 357 63546 7519610 665485485 46983275241 2756352147472 
1 358 63903 7583156 673005095 47648760726 2803335422713 
1 359 64261 7647059 680588251 48321765821 2850984183439 
1 360 64620 7711320 688235310 49002354072 2899305949260 
1 361 64980 7775940 695946630 49690589382 2948308303332 
1 362 65341 7840920 703722570 50386536012 2997998892714 
1 363 65703 7906261 711563490 51090258582 3048385428726 
1 364 66066 7971964 719469751 51801822072 3099475687308 
1 365 66430 8038030 727441715 52521291823 3151277509380 
1 366 66795 8104460 735479745 53248733538 3203798801203 
1 367 67161 8171255 743584205 53984213283 3257047534741 
1 368 67528 8238416 751755460 54727797488 3311031748024 
1 369 67896 8305944 759993876 55479552948 3365759545512 
1 370 68265 8373840 768299820 56239546824 3421239098460 
1 371 68635 8442105 776673660 57007846644 3477478645284 
1 372 69006 8510740 785115765 57784520304 3534486491928 
1 373 69378 8579746 793626505 58569636069 3592271012232 
1 374 69751 8649124 802206251 59363262574 3650840648301 
1 375 70125 8718875 810855375 60165468825 3710203910875 
1 376 70500 8789000 819574250 60976324200 3770369379700 
1 377 70876 8859500 828363250 61795898450 3831345703900 
1 378 71253 8930376 837222750 62624261700 3893141602350 
1 379 71631 9001629 846153126 63461484450 3955765864050 
1 380 72010 9073260 855154755 64307637576 4019227348500 
1 381 72390 9145270 864228015 65162792331 4083534986076 
1 382 72771 9217660 873373285 66027020346 4148697778407 
1 383 73153 9290431 882590945 66900393631 4214724798753 
1 384 73536 9363584 891881376 67782984576 4281625192384 
1 385 73920 9437120 901244960 68674865952 4349408176960 
1 386 74305 9511040 910682080 69576110912 4418083042912 
1 387 74691 9585345 920193120 70486792992 4487659153824 
1 388 75078 9660036 929778465 71406986112 4558145946816 
1 389 75466 9735114 939438501 72336764577 4629552932928 
1 390 75855 9810580 949173615 73276203078 4701889697505 
1 391 76245 9886435 958984195 74225376693 4775165900583 
1 392 76636 9962680 968870630 75184360888 4849391277276 
1 393 77028 10039316 978833310 76153231518 4924575638164 
1 394 77421 10116344 988872626 77132064828 5000728869682 
1 395 77815 10193765 998988970 78120937454 5077860934510 
1 396 78210 10271580 1009182735 79119926424 5155981871964 
1 397 78606 10349790 1019454315 80129109159 5235101798388 
1 398 79003 10428396 1029804105 81148563474 5315230907547 
1 399 79401 10507399 1040232501 82178367579 5396379471021 
1 400 79800 10586800 1050739900 83218600080 5478557838600 
1 401 80200 10666600 1061326700 84269339980 5561776438680 
1 402 80601 10746800 1071993300 85330666680 5646045778660 
1 403 81003 10827401 1082740100 86402659980 5731376445340 
1 404 81406 10908404 1093567501 87485400080 5817779105320 
1 405 81810 10989810 1104475905 88578967581 5905264505400 
1 406 82215 11071620 1115465715 89683443486 5993843472981 
1 407 82621 11153835 1126537335 90798909201 6083526916467 
1 408 83028 11236456 1137691170 91925446536 6174325825668 
1 409 83436 11319484 1148927626 93063137706 6266251272204 
1 410 83845 11402920 1160247110 94212065332 6359314409910 
1 411 84255 11486765 1171650030 95372312442 6453526475242 
1 412 84666 11571020 1183136795 96543962472 6548898787684 
1 413 85078 11655686 1194707815 97727099267 6645442750156 
1 414 85491 11740764 1206363501 98921807082 6743169849423 
1 415 85905 11826255 1218104265 100128170583 6842091656505 
1 416 86320 11912160 1229930520 101346274848 6942219827088 
1 417 86736 11998480 1241842680 102576205368 7043566101936 
1 418 87153 12085216 1253841160 103818048048 7146142307304 
1 419 87571 12172369 1265926376 105071889208 7249960355352 
1 420 87990 12259940 1278098745 106337815584 7355032244560 
1 421 88410 12347930 1290358685 107615914329 7461370060144 
1 422 88831 12436340 1302706615 108906273014 7568985974473 
1 423 89253 12525171 1315142955 110208979629 7677892247487 
1 424 89676 12614424 1327668126 111524122584 7788101227116 
1 425 90100 12704100 1340282550 112851790710 7899625349700 
1 426 90525 12794200 1352986650 114192073260 8012477140410 
1 427 90951 12884725 1365780850 115545059910 8126669213670 
1 428 91378 12975676 1378665575 116910840760 8242214273580 
1 429 91806 13067054 1391641251 118289506335 8359125114340 
1 430 92235 13158860 1404708305 119681147586 8477414620675 
1 431 92665 13251095 1417867165 121085855891 8597095768261 
1 432 93096 13343760 1431118260 122503723056 8718181624152 
1 433 93528 13436856 1444462020 123934841316 8840685347208 
1 434 93961 13530384 1457898876 125379303336 8964620188524 
1 435 94395 13624345 1471429260 126837202212 9089999491860 
1 436 94830 13718740 1485053605 128308631472 9216836694072 
1 437 95266 13813570 1498772345 129793685077 9345145325544 
1 438 95703 13908836 1512585915 131292457422 9474939010621 
1 439 96141 14004539 1526494751 132805043337 9606231468043 
1 440 96580 14100680 1540499290 134331538088 9739036511380 
1 441 97020 14197260 1554599970 135872037378 9873368049468 
1 442 97461 14294280 1568797230 137426637348 10009240086846 
1 443 97903 14391741 1583091510 138995434578 10146666724194 
1 444 98346 14489644 1597483251 140578526088 10285662158772 
1 445 98790 14587990 1611972895 142176009339 10426240684860 
1 446 99235 14686780 1626560885 143787982234 10568416694199 
1 447 99681 14786015 1641247665 145414543119 10712204676433 
1 448 100128 14885696 1656033680 147055790784 10857619219552 
1 449 100576 14985824 1670919376 148711824464 11004675010336 
1 450 101025 15086400 1685905200 150382743840 11153386834800 
1 451 101475 15187425 1700991600 152068649040 11303769578640 
1 452 101926 15288900 1716179025 153769640640 11455838227680 
1 453 102378 15390826 1731467925 155485819665 11609607868320 
1 454 102831 15493204 1746858751 157217287590 11765093687985 
1 455 103285 15596035 1762351955 158964146341 11922310975575 
1 456 103740 15699320 1777947990 160726498296 12081275121916 
1 457 104196 15803060 1793647310 162504446286 12242001620212 
1 458 104653 15907256 1809450370 164298093596 12404506066498 
1 459 105111 16011909 1825357626 166107543966 12568804160094 
1 460 105570 16117020 1841369535 167932901592 12734911704060 
1 461 106030 16222590 1857486555 169774271127 12902844605652 
1 462 106491 16328620 1873709145 171631757682 13072618876779 
1 463 106953 16435111 1890037765 173505466827 13244250634461 
1 464 107416 16542064 1906472876 175395504592 13417756101288 
1 465 107880 16649480 1923014940 177301977468 13593151605880 
1 466 108345 16757360 1939664420 179224992408 13770453583348 
1 467 108811 16865705 1956421780 181164656828 13949678575756 
1 468 109278 16974516 1973287485 183121078608 14130843232584 
1 469 109746 17083794 1990262001 185094366093 14313964311192 
1 470 110215 17193540 2007345795 187084628094 14499058677285 
1 471 110685 17303755 2024539335 189091973889 14686143305379 
1 472 111156 17414440 2041843090 191116513224 14875235279268 
1 473 111628 17525596 2059257530 193158356314 15066351792492 
1 474 112101 17637224 2076783126 195217613844 15259510148806 
1 475 112575 17749325 2094420350 197294396970 15454727762650 
1 476 113050 17861900 2112169675 199388817320 15652022159620 
1 477 113526 17974950 2130031575 201500986995 15851410976940 
1 478 114003 18088476 2148006525 203631018570 16052911963935 
1 479 114481 18202479 2166095001 205779025095 16256542982505 
1 480 114960 18316960 2184297480 207945120096 16462322007600 
1 481 115440 18431920 2202614440 210129417576 16670267127696 
1 482 115921 18547360 2221046360 212332032016 16880396545272 
1 483 116403 18663281 2239593720 214553078376 17092728577288 
1 484 116886 18779684 2258257001 216792672096 17307281655664 
1 485 117370 18896570 2277036685 219050929097 17524074327760 
1 486 117855 19013940 2295933255 221327965782 17743125256857 
1 487 118341 19131795 2314947195 223623899037 17964453222639 
1 488 118828 19250136 2334078990 225938846232 18188077121676 
1 489 119316 19368964 2353329126 228272925222 18414015967908 
1 490 119805 19488280 2372698090 230626254348 18642288893130 
1 491 120295 19608085 2392186370 232998952438 18872915147478 
1 492 120786 19728380 2411794455 235391138808 19105914099916 
1 493 121278 19849166 2431522835 237802933263 19341305238724 
1 494 121771 19970444 2451372001 240234456098 19579108171987 
1 495 122265 20092215 2471342445 242685828099 19819342628085 
1 496 122760 20214480 2491434660 245157170544 20062028456184 
1 497 123256 20337240 2511649140 247648605204 20307185626728 
1 498 123753 20460496 2531986380 250160254344 20554834231932 
1 499 124251 20584249 2552446876 252692240724 20804994486276 
1 500 124750 20708500 2573031125 255244687600 21057686727000 
1 501 125250 20833250 2593739625 257817718725 21312931414600 
1 502 125751 20958500 2614572875 260411458350 21570749133325 
1 503 126253 21084251 2635531375 263026031225 21831160591675 
1 504 126756 21210504 2656615626 265661562600 22094186622900 
1 505 127260 21337260 2677826130 268318178226 22359848185500 
1 506 127765 21464520 2699163390 270996004356 22628166363726 
1 507 128271 21592285 2720627910 273695167746 22899162368082 
1 508 128778 21720556 2742220195 276415795656 23172857535828 
1 509 129286 21849334 2763940751 279158015851 23449273331484 
1 510 129795 21978620 2785790085 281921956602 23728431347335 
1 511 130305 22108415 2807768705 284707746687 24010353303937 
1 512 130816 22238720 2829877120 287515515392 24295061050624 
1 513 131328 22369536 2852115840 290345392512 24582576566016 
1 514 131841 22500864 2874485376 293197508352 24872921958528 
1 515 132355 22632705 2896986240 296071993728 25166119466880 
1 516 132870 22765060 2919618945 298968979968 25462191460608 
1 517 133386 22897930 2942384005 301888598913 25761160440576 
1 518 133903 23031316 2965281935 304830982918 26063049039489 
1 519 134421 23165219 2988313251 307796264853 26367880022407 
1 520 134940 23299640 3011478470 310784578104 26675676287260 
1 521 135460 23434580 3034778110 313796056574 26986460865364 
1 522 135981 23570040 3058212690 316830834684 27300256921938 
1 523 136503 23706021 3081782730 319889047374 27617087756622 
1 524 137026 23842524 3105488751 322970830104 27936976803996 
1 525 137550 23979550 3129331275 326076318855 28259947634100 
1 526 138075 24117100 3153310825 329205650130 28586023952955 
1 527 138601 24255175 3177427925 332358960955 28915229603085 
1 528 139128 24393776 3201683100 335536388880 29247588564040 
1 529 139656 24532904 3226076876 338738071980 29583124952920 
1 530 140185 24672560 3250609780 341964148856 29921863024900 
1 531 140715 24812745 3275282340 345214758636 30263827173756 
1 532 141246 24953460 3300095085 348490040976 30609041932392 
1 533 141778 25094706 3325048545 351790136061 30957531973368 
1 534 142311 25236484 3350143251 355115184606 31309322109429 
1 535 142845 25378795 3375379735 358465327857 31664437294035 
1 536 143380 25521640 3400758530 361840707592 32022902621892 
1 537 143916 25665020 3426280170 365241466122 32384743329484 
1 538 144453 25808936 3451945190 368667746292 32749984795606 
1 539 144991 25953389 3477754126 372119691482 33118652541898 
1 540 145530 26098380 3503707515 375597445608 33490772233380 
1 541 146070 26243910 3529805895 379101153123 33866369678988 
1 542 146611 26389980 3556049805 382630959018 34245470832111 
1 543 147153 26536591 3582439785 386187008823 34628101791129 
1 544 147696 26683744 3608976376 389769448608 35014288799952 
1 545 148240 26831440 3635660120 393378424984 35404058248560 
1 546 148785 26979680 3662491560 397014085104 35797436673544 
1 547 149331 27128465 3689471240 400676576664 36194450758648 
1 548 149878 27277796 3716599705 404366047904 36595127335312 
1 549 150426 27427674 3743877501 408082647609 36999493383216 
1 550 150975 27578100 3771305175 411826525110 37407576030825 
1 551 151525 27729075 3798883275 415597830285 37819402555935 
1 552 152076 27880600 3826612350 419396713560 38235000386220 
1 553 152628 28032676 3854492950 423223325910 38654397099780 
1 554 153181 28185304 3882525626 427077818860 39077620425690 
1 555 153735 28338485 3910710930 430960344486 39504698244550 
1 556 154290 28492220 3939049415 434871055416 39935658589036 
1 557 154846 28646510 3967541635 438810104831 40370529644452 
1 558 155403 28801356 3996188145 442777646466 40809339749283 
1 559 155961 28956759 4024989501 446773834611 41252117395749 
1 560 156520 29112720 4053946260 450798824112 41698891230360 
1 561 157080 29269240 4083058980 454852770372 42149690054472 
1 562 157641 29426320 4112328220 458935829352 42604542824844 
1 563 158203 29583961 4141754540 463048157572 43063478654196 
1 564 158766 29742164 4171338501 467189912112 43526526811768 
1 565 159330 29900930 4201080665 471361250613 43993716723880 
1 566 159895 30060260 4230981595 475562331278 44465077974493 
1 567 160461 30220155 4261041855 479793312873 44940640305771 
1 568 161028 30380616 4291262010 484054354728 45420433618644 
1 569 161596 30541644 4321642626 488345616738 45904487973372 
1 570 162165 30703240 4352184270 492667259364 46392833590110 
1 571 162735 30865405 4382887510 497019443634 46885500849474 
1 572 163306 31028140 4413752915 501402331144 47382520293108 
1 573 163878 31191446 4444781055 505816084059 47883922624252 
1 574 164451 31355324 4475972501 510260865114 48389738708311 
1 575 165025 31519775 4507327825 514736837615 48899999573425 
1 576 165600 31684800 4538847600 519244165440 49414736411040 
1 577 166176 31850400 4570532400 523783013040 49933980576480 
1 578 166753 32016576 4602382800 528353545440 50457763589520 
1 579 167331 32183329 4634399376 532955928240 50986117134960 
1 580 167910 32350660 4666582705 537590327616 51519073063200 
1 581 168490 32518570 4698933365 542256910321 52056663390816 
1 582 169071 32687060 4731451935 546955843686 52598920301137 
1 583 169653 32856131 4764138995 551687295621 53145876144823 
1 584 170236 33025784 4796995126 556451434616 53697563440444 
1 585 170820 33196020 4830020910 561248429742 54254014875060 
1 586 171405 33366840 4863216930 566078450652 54815263304802 
1 587 171991 33538245 4896583770 570941667582 55381341755454 
1 588 172578 33710236 4930122015 575838251352 55952283423036 
1 589 173166 33882814 4963832251 580768373367 56528121674388 
1 590 173755 34055980 4997715065 585732205618 57108890047755 
1 591 174345 34229735 5031771045 590729920683 57694622253373 
1 592 174936 34404080 5066000780 595761691728 58285352174056 
1 593 175528 34579016 5100404860 600827692508 58881113865784 
1 594 176121 34754544 5134983876 605928097368 59481941558292 
1 595 176715 34930665 5169738420 611063081244 60087869655660 
1 596 177310 35107380 5204669085 616232819664 60698932736904 
1 597 177906 35284690 5239776465 621437488749 61315165556568 
1 598 178503 35462596 5275061155 626677265214 61936603045317 
1 599 179101 35641099 5310523751 631952326369 62563280310531 
1 600 179700 35820200 5346164850 637262850120 63195232636900 
1 601 180300 35999900 5381985050 642609014970 63832495487020 
1 602 180901 36180200 5417984950 647991000020 64475104501990 
1 603 181503 36361101 5454165150 653408984970 65123095502010 
1 604 182106 36542604 5490526251 658863150120 65776504486980 
1 605 182710 36724710 5527068855 664353676371 66435367637100 
1 606 183315 36907420 5563793565 669880745226 67099721313471 
1 607 183921 37090735 5600700985 675444538791 67769602058697 
1 608 184528 37274656 5637791720 681045239776 68445046597488 
1 609 185136 37459184 5675066376 686683031496 69126091837264 
1 610 185745 37644320 5712525560 692358097872 69812774868760 
1 611 186355 37830065 5750169880 698070623432 70505132966632 
1 612 186966 38016420 5787999945 703820793312 71203203590064 
1 613 187578 38203386 5826016365 709608793257 71907024383376 
1 614 188191 38390964 5864219751 715434809622 72616633176633 
1 615 188805 38579155 5902610715 721299029373 73332067986255 
1 616 189420 38767960 5941189870 727201640088 74053367015628 
1 617 190036 38957380 5979957830 733142829958 74780568655716 
1 618 190653 39147416 6018915210 739122787788 75513711485674 
1 619 191271 39338069 6058062626 745141702998 76252834273462 
1 620 191890 39529340 6097400695 751199765624 76997975976460 
1 621 192510 39721230 6136930035 757297166319 77749175742084 
1 622 193131 39913740 6176651265 763434096354 78506472908403 
1 623 193753 40106871 6216565005 769610747619 79269907004757 
1 624 194376 40300624 6256671876 775827312624 80039517752376 
1 625 195000 40495000 6296972500 782083984500 80815345065000 
1 626 195625 40690000 6337467500 788380957000 81597429049500 
1 627 196251 40885625 6378157500 794718424500 82385810006500 
1 628 196878 41081876 6419043125 801096582000 83180528431000 
1 629 197506 41278754 6460125001 807515625125 83981625013000 
1 630 198135 41476260 6501403755 813975750126 84789140638125 
1 631 198765 41674395 6542880015 820477153881 85603116388251 
1 632 199396 41873160 6584554410 827020033896 86423593542132 
1 633 200028 42072556 6626427570 833604588306 87250613576028 
1 634 200661 42272584 6668500126 840231015876 88084218164334 
1 635 201295 42473245 6710772710 846899516002 88924449180210 
1 636 201930 42674540 6753245955 853610288712 89771348696212 
1 637 202566 42876470 6795920495 860363534667 90624958984924 
1 638 203203 43079036 6838796965 867159455162 91485322519591 
1 639 203841 43282239 6881876001 873998252127 92352481974753 
1 640 204480 43486080 6925158240 880880128128 93226480226880 
1 641 205120 43690560 6968644320 887805286368 94107360355008 
1 642 205761 43895680 7012334880 894773930688 94995165641376 
1 643 206403 44101441 7056230560 901786265568 95889939572064 
1 644 207046 44307844 7100332001 908842496128 96791725837632 
1 645 207690 44514890 7144639845 915942828129 97700568333760 
1 646 208335 44722580 7189154735 923087467974 98616511161889 
1 647 208981 44930915 7233877315 930276622709 99539598629863 
1 648 209628 45139896 7278808230 937510500024 100469875252572 
1 649 210276 45349524 7323948126 944789308254 101407385752596 
1 650 210925 45559800 7369297650 952113256380 102352175060850 
1 651 211575 45770725 7414857450 959482554030 103304288317230 
1 652 212226 45982300 7460628175 966897411480 104263770871260 
1 653 212878 46194526 7506610475 974358039655 105230668282740 
1 654 213531 46407404 7552805001 981864650130 106205026322395 
1 655 214185 46620935 7599212405 989417455131 107186890972525 
1 656 214840 46835120 7645833340 997016667536 108176308427656 
1 657 215496 47049960 7692668460 1004662500876 109173325095192 
1 658 216153 47265456 7739718420 1012355169336 110177987596068 
1 659 216811 47481609 7786983876 1020094887756 111190342765404 
1 660 217470 47698420 7834465485 1027881871632 112210437653160 
1 661 218130 47915890 7882163905 1035716337117 113238319524792 
1 662 218791 48134020 7930079795 1043598501022 114274035861909 
1 663 219453 48352811 7978213815 1051528580817 115317634362931 
1 664 220116 48572264 8026566626 1059506794632 116369162943748 
1 665 220780 48792380 8075138890 1067533361258 117428669738380 
1 666 221445 49013160 8123931270 1075608500148 118496203099638 
1 667 222111 49234605 8172944430 1083732431418 119571811599786 
1 668 222778 49456716 8222179035 1091905375848 120655544031204 
1 669 223446 49679494 8271635751 1100127554883 121747449407052 
1 670 224115 49902940 8321315245 1108399190634 122847576961935 
1 671 224785 50127055 8371218185 1116720505879 123955976152569 
1 672 225456 50351840 8421345240 1125091724064 125072696658448 
1 673 226128 50577296 8471697080 1133513069304 126197788382512 
1 674 226801 50803424 8522274376 1141984766384 127331301451816 
1 675 227475 51030225 8573077800 1150507040760 128473286218200 
1 676 228150 51257700 8624108025 1159080118560 129623793258960 
1 677 228826 51485850 8675365725 1167704226585 130782873377520 
1 678 229503 51714676 8726851575 1176379592310 131950577604105 
1 679 230181 51944179 8778566251 1185106443885 133126957196415 
1 680 230860 52174360 8830510430 1193885010136 134312063640300 
1 681 231540 52405220 8882684790 1202715520566 135505948650436 
1 682 232221 52636760 8935090010 1211598205356 136708664171002 
1 683 232903 52868981 8987726770 1220533295366 137920262376358 
1 684 233586 53101884 9040595751 1229521022136 139140795671724 
1 685 234270 53335470 9093697635 1238561617887 140370316693860 
1 686 234955 53569740 9147033105 1247655315522 141608878311747 
1 687 235641 53804695 9200602845 1256802348627 142856533627269 
1 688 236328 54040336 9254407540 1266002951472 144113335975896 
1 689 237016 54276664 9308447876 1275257359012 145379338927368 
1 690 237705 54513680 9362724540 1284565806888 146654596286380 
1 691 238395 54751385 9417238220 1293928531428 147939162093268 
1 692 239086 54989780 9471989605 1303345769648 149233090624696 
1 693 239778 55228866 9526979385 1312817759253 150536436394344 
1 694 240471 55468644 9582208251 1322344738638 151849254153597 
1 695 241165 55709115 9637676895 1331926946889 153171598892235 
1 696 241860 55950280 9693386010 1341564623784 154503525839124 
1 697 242556 56192140 9749336290 1351258009794 155845090462908 
1 698 243253 56434696 9805528430 1361007346084 157196348472702 
1 699 243951 56677949 9861963126 1370812874514 158557355818786 
1 700 244650 56921900 9918641075 1380674837640 159928168693300 
