====Measurements Criticality Analysis From Measurement Units Analysis - Complete=====
kmax_UM = 3
kmax_med = 4

num checked meds = 237713

 
======================================c1-Tuples======================================
num ck-tuples = 1

[30]


num recovered ck-tuples = 1

[30]
======================================c2-Tuples======================================
num ck-tuples = 2

[44][29]
[25][43]


num recovered ck-tuples = 2

[25][43]
[44][29]
======================================c3-Tuples======================================
num ck-tuples = 10

[34][45][31]
[43][28][44]
[43][28][29]
[43][34][27]
[25][28][44]
[25][28][29]
[25][34][27]
[24][34][42]
[39][38][7]
[1][10][36]


num recovered ck-tuples = 10

[1][10][36]
[39][38][7]
[24][34][42]
[25][34][27]
[25][28][29]
[43][34][27]
[43][28][29]
[34][45][31]
[25][28][44]
[43][28][44]
======================================c4-Tuples======================================
num ck-tuples = 18

[32][34][45][46]
[32][45][46][31]
[32][34][46][31]
[43][27][45][31]
[34][27][28][44]
[34][27][28][29]
[25][27][45][31]
[24][42][45][31]
[24][43][42][27]
[24][25][42][27]
[33][42][44][23]
[33][42][29][23]
[41][34][21][46]
[41][34][20][46]
[41][20][21][46]
[34][20][21][46]
[41][34][20][21]
[35][2][3][34]


num recovered ck-tuples = 18

[41][34][20][21]
[34][20][21][46]
[41][20][21][46]
[41][34][20][46]
[41][34][21][46]
[24][25][42][27]
[24][43][42][27]
[24][42][45][31]
[25][27][45][31]
[34][27][28][29]
[43][27][45][31]
[32][34][46][31]
[32][45][46][31]
[32][34][45][46]
[35][2][3][34]
[33][42][29][23]
[33][42][44][23]
[34][27][28][44]
